1,1,122.69,334.42,133.44,58.35999999999996,1,1,1.0
1,2,733.71,265.4,70.93999999999994,39.33000000000004,1,1,1.0
1,3,208.86,251.31,93.80000000000001,40.110000000000014,1,1,1.0
2,1,97.77,337.73,136.32999999999998,59.549999999999955,1,1,1.0
2,2,719.98,267.2,72.94999999999993,40.079999999999984,1,1,1.0
2,3,208.86,251.46,93.80000000000001,40.140000000000015,1,1,1.0
3,1,72.85,341.04,139.22,60.75,1,1,1.0
3,2,706.25,269.0,74.95000000000005,40.839999999999975,1,1,1.0
3,3,208.86,251.61,93.80000000000001,40.15999999999997,1,1,1.0
4,1,47.93,344.36,142.10999999999999,61.93000000000001,1,1,1.0
4,2,692.53,270.8,75.57000000000005,41.599999999999966,1,1,1.0
4,3,208.86,251.76,93.80000000000001,40.18000000000001,1,1,1.0
5,1,23.0,347.67,145.0,63.129999999999995,1,1,1.0
5,2,678.8,272.6,76.20000000000005,42.35999999999996,1,1,1.0
5,3,208.86,251.9,93.80000000000001,40.21000000000001,1,1,1.0
6,1,0.0,352.0,146.7,64.69999999999999,1,1,1.0
6,2,663.84,274.4,77.81999999999994,43.110000000000014,1,1,1.0
6,3,208.87,252.05,93.79000000000002,40.22999999999996,1,1,1.0
7,1,0.0,355.75,123.83,66.75,1,1,1.0
7,2,648.88,276.2,79.44000000000005,43.870000000000005,1,1,1.0
7,3,208.87,252.2,93.79000000000002,40.25999999999999,1,1,1.0
8,1,0.0,359.51,100.97,68.79000000000002,1,1,1.0
8,2,633.93,278.0,81.05000000000007,44.629999999999995,1,1,1.0
8,3,208.87,252.35,93.79000000000002,40.28,1,1,1.0
9,1,0.0,364.6,75.33,61.549999999999955,1,1,1.0
9,2,618.97,279.8,82.66999999999996,45.389999999999986,1,1,1.0
9,3,208.87,252.5,93.79000000000002,40.30000000000001,1,1,1.0
10,1,0.0,369.7,49.7,54.30000000000001,1,1,1.0
10,2,604.01,281.6,84.28999999999996,46.139999999999986,1,1,1.0
10,3,208.67,252.5,93.91,40.30000000000001,1,1,1.0
11,1,0.0,379.6,27.0,49.19999999999999,1,1,1.0
11,2,589.6,283.4,84.19999999999993,46.900000000000034,1,1,1.0
11,3,208.48,252.5,94.02000000000001,40.30000000000001,1,1,1.0
12,2,574.15,285.76,85.64999999999998,47.650000000000034,1,1,1.0
12,3,208.28,252.5,94.14000000000001,40.30000000000001,1,1,1.0
13,2,558.7,288.12,87.09999999999991,48.39999999999998,1,1,1.0
13,3,208.09,252.5,94.24999999999997,40.30000000000001,1,1,1.0
14,2,542.8,290.48,89.0,49.14999999999998,1,1,1.0
14,3,207.89,252.5,94.37,40.30000000000001,1,1,1.0
15,2,526.1,292.84,90.41999999999996,49.900000000000034,1,1,1.0
15,3,207.7,252.5,94.48000000000002,40.30000000000001,1,1,1.0
16,2,508.71,295.2,92.53000000000003,50.660000000000025,1,1,1.0
16,3,207.5,252.5,94.60000000000002,40.30000000000001,1,1,1.0
17,2,491.32,297.56,94.64000000000004,51.410000000000025,1,1,1.0
17,3,207.52,252.53,94.58000000000001,40.309999999999974,1,1,1.0
18,2,473.92,299.92,96.75999999999993,52.15999999999997,1,1,1.0
18,3,207.54,252.56,94.56000000000003,40.329999999999984,1,1,1.0
19,2,456.53,302.28,98.87,52.910000000000025,1,1,1.0
19,3,207.55,252.59,94.55000000000001,40.34,1,1,1.0
20,2,439.9,304.64,95.30000000000007,53.660000000000025,1,1,1.0
20,3,207.57,252.62,94.53000000000003,40.360000000000014,1,1,1.0
21,2,423.1,307.83,101.19999999999993,54.52000000000004,1,1,1.0
21,3,207.59,252.64,94.51000000000002,40.379999999999995,1,1,1.0
22,2,404.7,311.03,103.10000000000002,55.370000000000005,1,1,1.0
22,3,207.61,252.67,94.49000000000001,40.400000000000006,1,1,1.0
23,2,385.4,314.23,105.90000000000003,56.21999999999997,1,1,1.0
23,3,207.62,252.7,94.48000000000002,40.410000000000025,1,1,1.0
24,2,366.9,316.6,106.76000000000005,57.89999999999998,1,1,1.0
24,3,207.64,252.73,94.46000000000004,40.430000000000035,1,1,1.0
25,2,346.9,320.07,109.13,58.48000000000002,1,1,1.0
25,3,207.66,252.76,94.44000000000003,40.44,1,1,1.0
26,2,326.9,323.54,111.49000000000001,59.06,1,1,1.0
26,3,207.68,252.79,94.42000000000002,40.45000000000002,1,1,1.0
27,2,306.9,327.01,113.85000000000002,59.639999999999986,1,1,1.0
27,3,207.7,252.82,94.40000000000003,40.47000000000003,1,1,1.0
28,2,286.0,330.21,118.39999999999998,60.49000000000001,1,1,1.0
28,3,207.71,252.85,94.39000000000001,40.47999999999999,1,1,1.0
29,2,265.05,333.4,120.5,61.35000000000002,1,1,1.0
29,3,207.73,252.88,94.37000000000003,40.5,1,1,1.0
30,2,244.1,336.6,122.6,62.19999999999999,1,1,1.0
30,3,207.75,252.9,94.35000000000002,40.52000000000001,1,1,1.0
31,2,218.7,340.59,129.3,63.81,1,1,1.0
31,3,207.77,252.93,94.33000000000001,40.54000000000002,1,1,1.0
32,2,197.4,344.58,130.6,65.42000000000002,1,1,1.0
32,3,207.78,252.96,94.32000000000002,40.54999999999998,1,1,1.0
33,2,174.9,348.58,132.99999999999997,66.02000000000004,1,1,1.0
33,3,207.8,252.99,94.30000000000001,40.56999999999999,1,1,1.0
34,2,150.0,352.57,137.8,66.63,1,1,1.0
34,3,207.82,253.02,94.28000000000003,40.58000000000001,1,1,1.0
35,2,125.3,356.56,139.8,70.24000000000001,1,1,1.0
35,3,207.84,253.05,94.26000000000002,40.589999999999975,1,1,1.0
36,2,99.05,360.56,145.60000000000002,71.69,1,1,1.0
36,3,207.86,253.08,94.24000000000001,40.609999999999985,1,1,1.0
37,2,72.8,364.55,151.39999999999998,73.14999999999998,1,1,1.0
37,3,207.87,253.11,94.23000000000002,40.620000000000005,1,1,1.0
38,2,45.0,368.54,154.3,75.06,1,1,1.0
38,3,207.89,253.14,94.21000000000004,40.639999999999986,1,1,1.0
39,2,15.47,372.53,159.63,76.67000000000002,1,1,1.0
39,3,207.91,253.16,94.19000000000003,40.66,1,1,1.0
40,2,0.0,377.25,150.7,78.14999999999998,1,1,1.0
40,3,207.93,253.19,94.17000000000002,40.68000000000001,1,1,1.0
41,2,0.0,381.82,125.8,80.23000000000002,1,1,1.0
41,3,207.94,253.22,94.16000000000003,40.690000000000026,1,1,1.0
42,2,0.0,386.4,100.9,82.30000000000001,1,1,1.0
42,3,207.96,253.25,94.14000000000001,40.70999999999998,1,1,1.0
43,2,0.0,394.2,75.05,72.30000000000001,1,1,1.0
43,3,207.98,253.28,94.12000000000003,40.72,1,1,1.0
44,2,0.0,402.0,49.2,62.30000000000001,1,1,1.0
44,3,208.0,253.31,94.10000000000002,40.73000000000002,1,1,1.0
45,2,0.0,414.1,23.2,52.89999999999998,1,1,1.0
45,3,208.02,253.34,94.08000000000001,40.74999999999997,1,1,1.0
46,3,208.03,253.37,94.07000000000002,40.75999999999999,1,1,1.0
47,3,208.05,253.4,94.05000000000001,40.78,1,1,1.0
48,3,208.07,253.42,94.03000000000003,40.80000000000004,1,1,1.0
49,3,208.09,253.45,94.01000000000002,40.81999999999999,1,1,1.0
50,4,954.49,234.16,5.509999999999991,12.759999999999991,1,1,1.0
50,3,208.1,253.48,94.00000000000003,40.83000000000001,1,1,1.0
51,4,948.3,230.0,11.700000000000045,48.39999999999998,1,1,1.0
51,3,208.12,253.51,93.98000000000002,40.85000000000002,1,1,1.0
52,4,945.2,227.8,14.799999999999955,53.599999999999966,1,1,1.0
52,3,208.14,253.54,93.96000000000004,40.859999999999985,1,1,1.0
53,4,942.1,225.6,17.899999999999977,58.79999999999998,1,1,1.0
53,3,208.16,253.57,93.94000000000003,40.870000000000005,1,1,1.0
54,4,937.16,225.6,22.840000000000032,60.58000000000001,1,1,1.0
54,3,208.18,253.6,93.92000000000002,40.890000000000015,1,1,1.0
55,4,932.22,224.7,27.779999999999973,63.25999999999999,1,1,1.0
55,3,208.19,253.63,93.91000000000003,40.89999999999998,1,1,1.0
56,4,927.28,224.73,32.72000000000003,65.01000000000002,1,1,1.0
56,3,208.21,253.66,93.89000000000001,40.91999999999999,1,1,1.0
57,4,922.34,224.77,37.65999999999997,66.74999999999997,1,1,1.0
57,3,208.23,253.68,93.87000000000003,40.94,1,1,1.0
58,4,917.4,224.8,42.60000000000002,68.5,1,1,1.0
58,3,208.25,253.71,93.85000000000002,40.96000000000001,1,1,1.0
59,4,912.3,224.8,47.700000000000045,69.13,1,1,1.0
59,3,208.26,253.74,93.84000000000003,40.96999999999997,1,1,1.0
60,4,907.2,224.8,52.799999999999955,69.75,1,1,1.0
60,3,208.28,253.77,93.82000000000002,40.98999999999998,1,1,1.0
61,4,902.1,224.8,57.89999999999998,70.38,1,1,1.0
61,3,208.3,253.8,93.80000000000001,41.0,1,1,1.0
62,4,897.0,224.8,63.0,71.0,1,1,1.0
62,3,208.3,253.96,93.80000000000001,41.09,1,1,1.0
63,4,891.23,224.8,68.76999999999998,72.44999999999999,1,1,1.0
63,3,208.3,254.12,93.80000000000001,41.18000000000001,1,1,1.0
64,4,885.45,224.8,74.54999999999995,73.89999999999998,1,1,1.0
64,3,208.3,254.29,93.80000000000001,41.26000000000002,1,1,1.0
65,4,879.68,224.8,80.32000000000005,72.44999999999999,1,1,1.0
65,3,208.3,254.45,93.80000000000001,41.35000000000002,1,1,1.0
66,4,873.9,224.8,86.10000000000002,71.0,1,1,1.0
66,3,208.3,254.61,93.80000000000001,41.44,1,1,1.0
67,4,867.3,225.27,92.70000000000005,74.92999999999998,1,1,1.0
67,3,208.3,254.77,93.80000000000001,41.53,1,1,1.0
68,4,860.7,225.73,99.29999999999995,78.87000000000003,1,1,1.0
68,3,208.3,254.94,93.80000000000001,41.610000000000014,1,1,1.0
69,4,854.1,226.2,105.89999999999998,82.80000000000001,1,1,1.0
69,3,208.3,255.1,93.80000000000001,41.70000000000002,1,1,1.0
70,4,846.71,227.06,113.28999999999996,83.76999999999998,1,1,1.0
70,3,208.3,255.35,93.80000000000001,41.51000000000002,1,1,1.0
71,4,839.33,227.91,120.66999999999996,84.75000000000003,1,1,1.0
71,3,208.3,255.6,93.80000000000001,41.33000000000001,1,1,1.0
72,4,831.94,228.77,128.05999999999995,85.72,1,1,1.0
72,3,208.3,255.85,93.80000000000001,41.140000000000015,1,1,1.0
73,4,824.56,229.63,135.44000000000005,86.68,1,1,1.0
73,3,208.3,256.1,93.80000000000001,40.94999999999999,1,1,1.0
74,4,817.17,230.49,142.83000000000004,87.64999999999998,1,1,1.0
74,3,208.3,256.35,93.80000000000001,40.75999999999999,1,1,1.0
75,4,809.79,231.34,150.21000000000004,88.63000000000002,1,1,1.0
75,3,208.3,256.6,93.80000000000001,40.579999999999984,1,1,1.0
76,4,802.4,232.2,157.60000000000002,89.60000000000002,1,1,1.0
76,3,208.3,256.85,93.80000000000001,40.389999999999986,1,1,1.0
77,4,794.7,233.3,164.5999999999999,91.0,1,1,1.0
77,3,208.3,257.1,93.80000000000001,40.19999999999999,1,1,1.0
78,4,787.0,234.4,171.60000000000002,92.4,1,1,1.0
78,3,208.3,257.1,93.69999999999999,40.19999999999999,1,1,1.0
79,4,778.26,235.24,174.63,93.30000000000001,1,1,1.0
79,3,208.3,257.1,93.59999999999997,40.19999999999999,1,1,1.0
80,4,769.53,236.07,177.64,94.19999999999999,1,1,1.0
80,3,208.3,257.1,93.5,40.19999999999999,1,1,1.0
81,4,760.79,236.91,180.67000000000007,95.1,1,1,1.0
81,3,208.3,257.1,93.39999999999998,40.19999999999999,1,1,1.0
82,4,752.05,237.75,183.70000000000005,96.0,1,1,1.0
82,3,208.3,257.1,93.30000000000001,40.19999999999999,1,1,1.0
83,4,743.31,238.59,186.73000000000002,96.9,1,1,1.0
83,3,208.03,256.33,93.57000000000002,40.69999999999999,1,1,1.0
84,4,734.58,239.42,189.74,97.80000000000004,1,1,1.0
84,3,207.77,255.57,93.83000000000001,41.19999999999999,1,1,1.0
85,4,725.84,240.26,192.76999999999998,98.69999999999999,1,1,1.0
85,3,207.5,254.8,94.10000000000002,41.69999999999999,1,1,1.0
86,4,717.1,241.1,195.79999999999995,99.6,1,1,1.0
86,3,207.5,254.8,94.10000000000002,41.620000000000005,1,1,1.0
87,4,706.87,242.19,199.34000000000003,101.17000000000002,1,1,1.0
87,3,207.5,254.8,94.10000000000002,41.52999999999997,1,1,1.0
88,4,696.63,243.29,202.89999999999998,102.72,1,1,1.0
88,3,207.5,254.8,94.10000000000002,41.44999999999999,1,1,1.0
89,4,686.4,244.38,206.44000000000005,104.29000000000002,1,1,1.0
89,3,207.5,254.8,94.10000000000002,41.370000000000005,1,1,1.0
90,4,676.17,245.47,209.99,105.85999999999999,1,1,1.0
90,3,207.5,254.8,94.10000000000002,41.27999999999997,1,1,1.0
91,4,665.93,246.56,213.54000000000008,107.43,1,1,1.0
91,3,207.5,254.8,94.10000000000002,41.19999999999999,1,1,1.0
92,4,655.7,247.66,217.08999999999992,108.97999999999999,1,1,1.0
92,5,628.29,265.9,64.11000000000001,32.34000000000003,1,1,1.0
92,3,207.5,254.8,94.10000000000002,41.120000000000005,1,1,1.0
93,4,640.87,248.75,225.23000000000002,110.55000000000001,1,1,1.0
93,5,615.9,266.47,68.70000000000005,32.349999999999966,1,1,1.0
93,3,207.5,254.8,94.10000000000002,41.02999999999997,1,1,1.0
94,4,629.98,249.84,227.90999999999997,112.11999999999998,1,1,1.0
94,5,603.51,267.05,73.28999999999996,32.339999999999975,1,1,1.0
94,3,207.5,254.8,94.10000000000002,40.94999999999999,1,1,1.0
95,4,619.09,250.94,230.58999999999992,113.67000000000002,1,1,1.0
95,5,591.12,267.62,77.88,32.339999999999975,1,1,1.0
95,3,207.5,254.8,94.10000000000002,40.870000000000005,1,1,1.0
96,4,608.2,252.03,233.26999999999998,115.23999999999998,1,1,1.0
96,5,577.97,268.13,80.68999999999994,32.75999999999999,1,1,1.0
96,3,207.5,254.8,94.10000000000002,40.77999999999997,1,1,1.0
97,4,596.45,253.12,237.88,116.81,1,1,1.0
97,5,564.82,268.64,83.5,33.18000000000001,1,1,1.0
97,3,207.5,254.8,94.10000000000002,40.69999999999999,1,1,1.0
98,4,584.7,254.21,242.49,118.37999999999997,1,1,1.0
98,5,551.66,269.15,86.32000000000005,33.60000000000002,1,1,1.0
98,3,207.5,254.8,92.25,40.69999999999999,1,1,1.0
99,4,571.35,255.31,248.68999999999994,119.93,1,1,1.0
99,5,538.51,269.66,89.13,34.00999999999999,1,1,1.0
99,3,207.5,254.8,90.39999999999998,40.69999999999999,1,1,1.0
100,4,558.0,256.4,254.89999999999998,121.5,1,1,1.0
100,5,525.35,270.17,91.94999999999993,34.43000000000001,1,1,1.0
100,3,207.5,254.8,88.55000000000001,40.69999999999999,1,1,1.0
101,4,544.36,257.94,259.84000000000003,123.5,1,1,1.0
101,5,511.54,270.83,94.31,34.69,1,1,1.0
101,3,207.5,254.8,86.69999999999999,40.69999999999999,1,1,1.0
102,4,530.72,259.48,264.78,125.5,1,1,1.0
102,5,497.72,271.49,96.67999999999995,34.94999999999999,1,1,1.0
102,3,207.5,254.8,94.60000000000002,40.69999999999999,1,1,1.0
103,4,517.08,261.02,269.7199999999999,127.5,1,1,1.0
103,5,483.9,272.16,99.05000000000007,35.19999999999999,1,1,1.0
103,6,952.77,229.35,7.230000000000018,28.75000000000003,1,1,1.0
103,3,207.5,254.8,94.60000000000002,40.539999999999964,1,1,1.0
104,4,503.44,262.56,274.66,129.5,1,1,1.0
104,5,470.08,272.82,101.42000000000002,35.45999999999998,1,1,1.0
104,6,948.99,228.12,11.009999999999991,33.43000000000001,1,1,1.0
104,3,207.5,254.8,94.60000000000002,40.370000000000005,1,1,1.0
105,4,489.8,264.1,279.59999999999997,131.5,1,1,1.0
105,5,456.27,273.48,103.43000000000006,35.71999999999997,1,1,1.0
105,6,945.2,226.9,14.799999999999955,38.099999999999994,1,1,1.0
105,3,207.5,254.8,94.60000000000002,40.20999999999998,1,1,1.0
106,4,473.98,265.64,285.64,134.24,1,1,1.0
106,5,441.93,273.55,90.96999999999997,36.670000000000016,1,1,1.0
106,6,940.4,215.3,19.600000000000023,50.30000000000001,1,1,1.0
106,3,207.5,254.8,94.60000000000002,40.05000000000001,1,1,1.0
107,4,458.16,267.18,291.68,136.98000000000002,1,1,1.0
107,5,427.59,273.61,101.91000000000003,37.639999999999986,1,1,1.0
107,6,936.47,214.8,23.529999999999973,51.370000000000005,1,1,1.0
107,3,207.5,254.8,94.60000000000002,39.879999999999995,1,1,1.0
108,4,442.34,268.72,297.71999999999997,139.71999999999997,1,1,1.0
108,5,413.74,273.67,104.30999999999995,38.60999999999996,1,1,1.0
108,6,932.53,214.3,27.470000000000027,52.43000000000001,1,1,1.0
108,3,207.5,254.8,94.60000000000002,39.71999999999997,1,1,1.0
109,4,426.52,270.26,303.76,142.46000000000004,1,1,1.0
109,5,399.9,273.74,106.70000000000005,39.56,1,1,1.0
109,6,928.6,213.8,31.399999999999977,53.5,1,1,1.0
109,3,207.5,254.8,94.60000000000002,39.56,1,1,1.0
110,4,410.7,271.8,309.8,145.2,1,1,1.0
110,5,385.48,274.89,107.29999999999995,39.34000000000003,1,1,1.0
110,6,923.88,214.0,36.120000000000005,54.139999999999986,1,1,1.0
110,3,207.5,254.8,94.60000000000002,39.389999999999986,1,1,1.0
111,4,392.7,273.54,317.72999999999996,148.46999999999997,1,1,1.0
111,5,371.07,276.03,107.90000000000003,39.14000000000004,1,1,1.0
111,6,919.16,214.2,40.84000000000003,54.78000000000003,1,1,1.0
111,3,207.5,254.8,94.60000000000002,39.22999999999996,1,1,1.0
112,4,374.7,275.29,325.65000000000003,151.73999999999995,1,1,1.0
112,5,356.65,277.18,108.5,38.920000000000016,1,1,1.0
112,7,594.64,258.29,93.20000000000005,22.46999999999997,1,1,1.0
112,6,914.44,214.4,45.559999999999945,55.41999999999999,1,1,1.0
112,3,207.5,254.8,94.60000000000002,39.06999999999999,1,1,1.0
113,4,356.7,277.03,333.58,155.01000000000005,1,1,1.0
113,5,342.23,278.33,109.09999999999997,38.69999999999999,1,1,1.0
113,7,582.01,258.57,93.21000000000004,22.470000000000027,1,1,1.0
113,6,909.72,214.6,50.27999999999997,56.06000000000003,1,1,1.0
113,3,207.5,254.8,94.60000000000002,38.90999999999997,1,1,1.0
114,4,338.7,278.78,341.50000000000006,158.28000000000003,1,1,1.0
114,5,327.82,279.47,109.69999999999999,38.5,1,1,1.0
114,7,569.39,258.85,93.21000000000004,22.46999999999997,1,1,1.0
114,6,905.0,214.8,55.0,56.69999999999999,1,1,1.0
114,3,207.5,254.8,94.60000000000002,38.74000000000001,1,1,1.0
115,4,319.13,280.52,348.85,161.55,1,1,1.0
115,5,313.4,280.62,110.30000000000001,38.27999999999997,1,1,1.0
115,7,556.77,259.13,93.21000000000004,22.470000000000027,1,1,1.0
115,6,900.0,215.13,60.0,57.170000000000016,1,1,1.0
115,3,207.5,254.8,94.60000000000002,38.579999999999984,1,1,1.0
116,4,299.57,282.27,356.19,164.82,1,1,1.0
116,5,297.91,281.78,111.50999999999999,38.58000000000004,1,1,1.0
116,7,553.02,259.96,85.68000000000006,22.470000000000027,1,1,1.0
116,6,895.0,215.45,65.0,57.650000000000034,1,1,1.0
116,3,207.5,254.8,94.60000000000002,38.420000000000016,1,1,1.0
117,4,280.0,284.01,363.53999999999996,168.09000000000003,1,1,1.0
117,5,282.41,282.94,112.72999999999996,38.879999999999995,1,1,1.0
117,7,521.8,259.96,103.20000000000005,32.44,1,1,1.0
117,6,890.0,215.78,70.0,58.119999999999976,1,1,1.0
117,3,207.5,254.8,94.60000000000002,38.25,1,1,1.0
118,4,258.8,285.76,373.73999999999995,171.84000000000003,1,1,1.0
118,5,266.92,284.1,113.94,39.17999999999995,1,1,1.0
118,7,507.4,261.64,104.43000000000006,33.53000000000003,1,1,1.0
118,6,885.0,216.1,75.0,58.599999999999994,1,1,1.0
118,3,207.5,254.8,94.60000000000002,38.089999999999975,1,1,1.0
119,4,237.6,287.5,383.94999999999993,175.60000000000002,1,1,1.0
119,5,251.43,285.26,115.14999999999998,39.48000000000002,1,1,1.0
119,7,493.0,263.32,105.66999999999996,34.610000000000014,1,1,1.0
119,6,879.83,216.62,76.96999999999991,58.829999999999984,1,1,1.0
119,3,207.5,254.8,94.60000000000002,37.93000000000001,1,1,1.0
120,4,216.4,289.24,394.15,179.36,1,1,1.0
120,5,235.93,286.42,116.37,39.77999999999997,1,1,1.0
120,7,478.6,265.0,106.89999999999998,35.69999999999999,1,1,1.0
120,6,874.67,217.15,78.93000000000006,59.04999999999998,1,1,1.0
120,3,207.5,254.8,94.60000000000002,37.75999999999999,1,1,1.0
121,4,193.2,291.73,403.96999999999997,183.32,1,1,1.0
121,5,218.47,287.37,117.48999999999998,40.48000000000002,1,1,1.0
121,7,464.15,265.42,107.62,36.329999999999984,1,1,1.0
121,6,869.5,217.67,80.89999999999998,59.28,1,1,1.0
121,3,207.5,254.8,94.60000000000002,37.599999999999966,1,1,1.0
122,4,170.0,294.21,413.78999999999996,187.29000000000002,1,1,1.0
122,5,201.01,288.31,118.61000000000001,41.19,1,1,1.0
122,7,449.7,265.83,108.33999999999997,36.97000000000003,1,1,1.0
122,6,863.1,218.19,81.5,59.50999999999999,1,1,1.0
122,3,207.5,254.8,94.60000000000002,38.52999999999997,1,1,1.0
123,4,143.36,296.7,427.04999999999995,192.7,1,1,1.0
123,5,183.55,289.26,119.72999999999996,41.889999999999986,1,1,1.0
123,7,435.25,266.25,109.04999999999995,37.60000000000002,1,1,1.0
123,6,857.1,218.53,82.72000000000003,59.79999999999998,1,1,1.0
123,3,207.5,254.8,94.60000000000002,39.46999999999997,1,1,1.0
124,4,116.72,299.18,440.31999999999994,198.12,1,1,1.0
124,5,166.09,290.2,120.85,42.60000000000002,1,1,1.0
124,7,420.8,266.67,109.77000000000004,38.22999999999996,1,1,1.0
124,6,851.1,218.86,83.92999999999995,60.089999999999975,1,1,1.0
124,3,207.5,254.8,94.60000000000002,40.39999999999998,1,1,1.0
125,4,90.08,301.67,453.58,203.52999999999997,1,1,1.0
125,5,148.62,291.14,121.98000000000002,43.31,1,1,1.0
125,7,406.12,267.29,111.52999999999997,39.789999999999964,1,1,1.0
125,6,845.1,219.19,85.14999999999998,60.389999999999986,1,1,1.0
125,3,207.5,254.8,94.60000000000002,40.65999999999997,1,1,1.0
126,4,63.44,304.15,466.84,208.95000000000005,1,1,1.0
126,5,131.16,292.09,123.1,44.01000000000005,1,1,1.0
126,7,391.45,267.91,113.29000000000002,41.339999999999975,1,1,1.0
126,6,839.1,219.53,86.36000000000001,60.66999999999999,1,1,1.0
126,3,207.5,254.8,94.60000000000002,40.920000000000016,1,1,1.0
127,4,36.8,306.64,480.09999999999997,214.36,1,1,1.0
127,5,113.7,293.03,124.21999999999998,44.72000000000003,1,1,1.0
127,7,376.77,268.54,115.05000000000001,42.889999999999986,1,1,1.0
127,6,833.1,219.86,87.57999999999993,60.96999999999997,1,1,1.0
127,3,207.5,254.8,94.60000000000002,41.18000000000001,1,1,1.0
128,4,18.4,309.12,482.76000000000005,221.38,1,1,1.0
128,5,96.24,293.97,125.34000000000002,45.42999999999995,1,1,1.0
128,7,362.1,269.16,116.79999999999995,44.44,1,1,1.0
128,6,827.1,220.19,88.78999999999996,61.25999999999999,1,1,1.0
128,3,207.5,254.8,94.60000000000002,41.44,1,1,1.0
129,4,0.0,311.61,485.43,228.39,1,1,1.0
129,5,78.78,294.92,126.46000000000001,46.129999999999995,1,1,1.0
129,7,346.87,270.09,117.82999999999998,45.54000000000002,1,1,1.0
129,6,821.1,220.53,90.00999999999999,61.54999999999998,1,1,1.0
129,3,207.5,254.8,94.60000000000002,41.69999999999999,1,1,1.0
130,4,0.0,314.09,471.53,225.91000000000003,1,1,1.0
130,5,61.32,295.86,127.58000000000001,46.839999999999975,1,1,1.0
130,7,331.63,271.02,118.87,46.64000000000004,1,1,1.0
130,6,815.1,220.86,91.22000000000003,61.839999999999975,1,1,1.0
130,3,207.5,254.9,94.60000000000002,41.54999999999998,1,1,1.0
131,4,0.0,317.46,455.68,222.54000000000002,1,1,1.0
131,5,42.44,297.83,129.46,47.44,1,1,1.0
131,7,316.4,271.94,119.90000000000003,47.75,1,1,1.0
131,6,808.95,221.29,91.45999999999992,62.22999999999999,1,1,1.0
131,3,207.5,255.0,94.60000000000002,41.39999999999998,1,1,1.0
132,4,0.0,320.83,439.84,219.17000000000002,1,1,1.0
132,5,23.56,299.8,131.34,48.02999999999997,1,1,1.0
132,7,300.55,272.87,120.74000000000001,48.839999999999975,1,1,1.0
132,6,802.8,221.73,91.70000000000005,62.609999999999985,1,1,1.0
132,3,207.5,255.1,94.60000000000002,41.25000000000003,1,1,1.0
133,4,0.0,324.2,424.0,215.8,1,1,1.0
133,5,4.69,301.76,133.21,48.639999999999986,1,1,1.0
133,7,284.7,273.8,121.57999999999998,49.94,1,1,1.0
133,6,795.78,222.16,92.80000000000007,63.00000000000003,1,1,1.0
133,3,207.5,255.2,94.60000000000002,41.10000000000002,1,1,1.0
134,4,0.0,327.55,405.95,212.45,1,1,1.0
134,5,0.26,302.65,117.83999999999999,49.950000000000045,1,1,1.0
134,7,268.85,274.72,122.41999999999996,51.049999999999955,1,1,1.0
134,6,788.75,222.59,93.91999999999996,63.390000000000015,1,1,1.0
134,3,207.5,255.3,94.60000000000002,40.94999999999999,1,1,1.0
135,4,0.0,330.9,387.9,209.10000000000002,1,1,1.0
135,5,0.26,304.6,99.97,47.72999999999996,1,1,1.0
135,7,253.0,275.65,123.25,52.150000000000034,1,1,1.0
135,6,781.73,223.03,95.01999999999998,63.77000000000001,1,1,1.0
135,8,689.1,522.5,102.93999999999994,17.5,1,1,1.0
135,3,207.5,255.4,94.60000000000002,40.79999999999998,1,1,1.0
136,4,0.0,334.25,369.85,205.75,1,1,1.0
136,5,0.26,306.55,82.11,45.51999999999998,1,1,1.0
136,7,236.35,276.58,124.26000000000002,52.56999999999999,1,1,1.0
136,6,774.7,223.46,96.13999999999999,64.16,1,1,1.0
136,8,696.87,516.23,111.91999999999996,23.769999999999982,1,1,1.0
136,3,207.5,255.5,94.60000000000002,38.30000000000001,1,1,1.0
137,4,0.0,337.6,351.8,202.39999999999998,1,1,1.0
137,5,0.26,308.5,64.24,43.30000000000001,1,1,1.0
137,7,219.7,277.51,125.25999999999999,52.99000000000001,1,1,1.0
137,6,767.23,223.89,97.68999999999994,64.55000000000001,1,1,1.0
137,8,704.63,509.97,120.91999999999996,30.029999999999973,1,1,1.0
137,3,207.5,255.6,94.60000000000002,37.599999999999994,1,1,1.0
138,4,0.0,341.15,331.48,198.85000000000002,1,1,1.0
138,5,0.26,312.3,45.39,41.55000000000001,1,1,1.0
138,7,203.05,278.69,126.25999999999999,53.420000000000016,1,1,1.0
138,6,759.75,224.33,99.25999999999999,64.92999999999998,1,1,1.0
138,8,712.4,503.7,129.89999999999998,36.30000000000001,1,1,1.0
138,3,207.5,255.6,94.60000000000002,36.07000000000002,1,1,1.0
139,4,0.0,344.7,311.15,195.3,1,1,1.0
139,5,0.26,316.1,26.54,39.799999999999955,1,1,1.0
139,7,186.4,279.88,127.27000000000001,53.84000000000003,1,1,1.0
139,6,752.28,224.76,100.82000000000005,65.32,1,1,1.0
139,8,720.78,497.72,130.55000000000007,42.27999999999997,1,1,1.0
139,3,207.5,255.6,94.60000000000002,34.53,1,1,1.0
140,4,0.0,348.25,290.83,191.75,1,1,1.0
140,5,0.26,322.9,7.140000000000001,27.700000000000045,1,1,1.0
140,7,169.05,280.94,128.96999999999997,54.25999999999999,1,1,1.0
140,6,744.8,225.19,102.38,65.70999999999998,1,1,1.0
140,8,729.15,491.75,131.20000000000005,48.25,1,1,1.0
140,3,207.5,255.6,94.60000000000002,33.00000000000003,1,1,1.0
141,4,0.0,351.8,270.5,188.2,1,1,1.0
141,7,151.7,281.99,130.67000000000002,54.69,1,1,1.0
141,6,736.51,225.55,103.85000000000002,65.99000000000001,1,1,1.0
141,8,737.53,485.77,131.85000000000002,54.23000000000002,1,1,1.0
141,3,207.5,255.6,94.60000000000002,38.599999999999994,1,1,1.0
142,4,0.0,355.92,247.48,184.07999999999998,1,1,1.0
142,7,134.35,283.05,132.38000000000002,55.110000000000014,1,1,1.0
142,6,728.22,225.91,105.31999999999994,66.27000000000001,1,1,1.0
142,8,745.9,479.8,132.5,60.19999999999999,1,1,1.0
142,3,207.5,255.6,94.60000000000002,40.900000000000006,1,1,1.0
143,4,0.0,360.04,224.46,179.95999999999998,1,1,1.0
143,7,117.0,284.11,134.08,55.52999999999997,1,1,1.0
143,6,719.93,226.27,106.79000000000008,66.54999999999998,1,1,1.0
143,8,755.67,474.87,130.43000000000006,65.13,1,1,1.0
143,3,207.55,255.69,94.63999999999999,40.89999999999998,1,1,1.0
144,4,0.0,364.16,201.44,175.83999999999997,1,1,1.0
144,7,99.65,285.17,135.78,55.94999999999999,1,1,1.0
144,6,711.64,226.62,108.25999999999999,66.83999999999997,1,1,1.0
144,8,765.45,469.95,128.3499999999999,70.05000000000001,1,1,1.0
144,3,207.61,255.77,94.65999999999997,40.900000000000006,1,1,1.0
145,4,0.0,368.28,178.42,171.72000000000003,1,1,1.0
145,7,82.3,286.22,137.48000000000002,56.379999999999995,1,1,1.0
145,6,703.35,226.98,109.37,67.12000000000003,1,1,1.0
145,8,775.22,465.02,126.27999999999997,74.98000000000002,1,1,1.0
145,3,207.66,255.86,94.70000000000002,40.89999999999998,1,1,1.0
146,4,0.0,372.4,155.4,167.60000000000002,1,1,1.0
146,7,64.15,287.36,139.19,57.24000000000001,1,1,1.0
146,6,695.06,227.34,110.48000000000002,67.4,1,1,1.0
146,8,784.99,460.1,124.21000000000004,79.89999999999998,1,1,1.0
146,3,207.71,255.95,94.73999999999998,40.900000000000034,1,1,1.0
147,4,0.0,377.27,129.67,162.73000000000002,1,1,1.0
147,7,46.0,288.51,140.89,58.09000000000003,1,1,1.0
147,6,686.77,227.69,111.59000000000003,67.69,1,1,1.0
147,8,795.26,455.76,120.99000000000001,83.49000000000001,1,1,1.0
147,3,207.77,256.03,94.75999999999996,40.900000000000034,1,1,1.0
148,4,0.0,382.13,103.93,157.87,1,1,1.0
148,7,27.85,289.65,142.59,58.950000000000045,1,1,1.0
148,6,678.48,228.05,112.69999999999993,67.96999999999997,1,1,1.0
148,8,805.53,451.41,117.76999999999998,87.08999999999997,1,1,1.0
148,3,207.82,256.12,94.80000000000001,40.89999999999998,1,1,1.0
149,4,0.0,387.0,78.2,153.0,1,1,1.0
149,7,9.7,290.79,144.3,59.81,1,1,1.0
149,6,670.19,228.41,113.80999999999995,68.25000000000003,1,1,1.0
149,8,813.72,447.43,115.85000000000002,85.17000000000002,1,1,1.0
149,3,207.87,256.21,94.83999999999997,40.900000000000034,1,1,1.0
150,4,0.0,397.1,49.2,142.89999999999998,1,1,1.0
150,7,0.0,292.16,136.93,60.44,1,1,1.0
150,6,661.9,228.76,114.92000000000007,68.54000000000002,1,1,1.0
150,8,821.91,443.45,113.92000000000007,83.25000000000006,1,1,1.0
150,3,207.93,256.29,94.86000000000001,40.89999999999998,1,1,1.0
151,4,0.0,408.7,19.6,131.3,1,1,1.0
151,7,0.0,293.54,119.39,61.20999999999998,1,1,1.0
151,6,652.32,229.17,116.18999999999994,68.85,1,1,1.0
151,8,830.1,439.47,112.0,81.32999999999993,1,1,1.0
151,3,207.98,256.38,94.9,40.89999999999998,1,1,1.0
152,7,0.0,294.92,101.84,61.97999999999996,1,1,1.0
152,6,642.74,229.58,117.46000000000004,69.16,1,1,1.0
152,8,837.95,435.26,110.12,80.63999999999999,1,1,1.0
152,3,208.03,256.47,94.94000000000003,40.89999999999998,1,1,1.0
153,7,0.0,296.3,84.3,54.599999999999966,1,1,1.0
153,6,633.16,229.99,118.73000000000002,69.46999999999997,1,1,1.0
153,8,845.8,431.05,108.23000000000002,79.94999999999999,1,1,1.0
153,3,208.09,256.55,94.96000000000001,40.89999999999998,1,1,1.0
154,7,0.0,298.33,65.87,54.84000000000003,1,1,1.0
154,6,623.58,230.4,120.0,69.78,1,1,1.0
154,8,853.65,426.84,106.35000000000002,79.26000000000005,1,1,1.0
154,3,208.14,256.64,95.0,40.900000000000034,1,1,1.0
155,7,0.0,300.37,47.43,55.06,1,1,1.0
155,6,614.0,230.8,121.26999999999998,70.09999999999997,1,1,1.0
155,8,860.7,423.33,99.29999999999995,77.54000000000002,1,1,1.0
155,3,208.19,256.73,95.04000000000002,40.89999999999998,1,1,1.0
156,7,0.0,302.4,29.0,55.30000000000001,1,1,1.0
156,6,604.52,231.27,121.87,70.39000000000001,1,1,1.0
156,8,867.75,419.81,92.25,75.82,1,1,1.0
156,3,208.25,256.81,95.06,40.89999999999998,1,1,1.0
157,7,0.0,304.8,9.9,45.39999999999998,1,1,1.0
157,6,595.04,231.74,122.46000000000004,70.68,1,1,1.0
157,8,874.8,416.3,85.20000000000005,74.09999999999997,1,1,1.0
157,3,208.3,256.9,95.09999999999997,40.900000000000034,1,1,1.0
158,6,585.56,232.21,123.06000000000006,70.97,1,1,1.0
158,8,881.38,412.55,78.62,71.88,1,1,1.0
158,3,208.3,257.1,95.09999999999997,40.89999999999998,1,1,1.0
159,6,576.08,232.68,123.65999999999997,71.25999999999999,1,1,1.0
159,8,887.95,408.8,72.04999999999995,69.64999999999998,1,1,1.0
159,3,208.3,257.3,95.09999999999997,40.89999999999998,1,1,1.0
160,6,566.6,233.15,124.25,71.54999999999998,1,1,1.0
160,8,894.53,405.05,65.47000000000003,67.43,1,1,1.0
160,3,208.3,257.5,95.09999999999997,40.89999999999998,1,1,1.0
161,6,557.16,233.0,124.25999999999999,72.60000000000002,1,1,1.0
161,8,901.1,401.3,58.89999999999998,65.19999999999999,1,1,1.0
161,3,208.3,257.7,95.09999999999997,40.900000000000034,1,1,1.0
162,6,547.72,232.85,124.25999999999999,73.65,1,1,1.0
162,8,906.82,398.65,53.17999999999995,64.28000000000003,1,1,1.0
162,3,208.26,257.7,95.13999999999999,40.900000000000034,1,1,1.0
163,6,545.7,232.85,117.69999999999993,75.15,1,1,1.0
163,8,912.53,396.01,47.47000000000003,63.34000000000003,1,1,1.0
163,3,208.23,257.7,95.16999999999999,40.900000000000034,1,1,1.0
164,6,527.1,234.0,126.89999999999998,74.60000000000002,1,1,1.0
164,8,918.25,393.36,41.75,62.41999999999996,1,1,1.0
164,3,208.19,257.7,95.20999999999998,40.900000000000034,1,1,1.0
165,6,515.8,234.95,127.48000000000002,74.25,1,1,1.0
165,8,923.96,390.72,36.039999999999964,61.47999999999996,1,1,1.0
165,3,208.16,257.7,95.23999999999998,40.900000000000034,1,1,1.0
166,6,504.5,235.9,128.07000000000005,73.9,1,1,1.0
166,8,929.51,388.48,30.49000000000001,59.51999999999998,1,1,1.0
166,3,208.12,257.7,95.27999999999997,40.900000000000034,1,1,1.0
167,6,493.2,236.36,128.65000000000003,74.03999999999996,1,1,1.0
167,8,935.05,386.24,24.950000000000045,57.56,1,1,1.0
167,3,208.09,257.7,95.30999999999997,40.900000000000034,1,1,1.0
168,6,481.4,236.99,129.87,74.25999999999999,1,1,1.0
168,8,940.6,384.01,19.399999999999977,55.59000000000003,1,1,1.0
168,3,208.05,257.7,95.34999999999997,40.900000000000034,1,1,1.0
169,6,469.6,237.61,131.09000000000003,74.49000000000001,1,1,1.0
169,8,945.75,388.75,14.25,46.89999999999998,1,1,1.0
169,3,208.01,257.7,95.38999999999999,40.900000000000034,1,1,1.0
170,6,457.8,238.24,132.3,74.70999999999998,1,1,1.0
170,8,950.9,393.5,9.100000000000023,38.19999999999999,1,1,1.0
170,3,207.98,257.7,95.41999999999999,40.900000000000034,1,1,1.0
171,6,446.0,238.87,133.51999999999998,74.93,1,1,1.0
171,8,955.0,393.5,5.0,38.19999999999999,1,1,1.0
171,3,207.94,257.7,95.45999999999998,40.900000000000034,1,1,1.0
172,6,434.2,239.49,134.74000000000007,75.15999999999997,1,1,1.0
172,3,207.91,257.7,95.48999999999998,40.900000000000034,1,1,1.0
173,6,422.4,240.12,135.96000000000004,75.38,1,1,1.0
173,3,207.87,257.7,95.52999999999997,40.900000000000034,1,1,1.0
174,6,410.6,240.75,137.17999999999995,75.60000000000002,1,1,1.0
174,3,207.84,257.7,95.55999999999997,40.900000000000034,1,1,1.0
175,6,398.8,241.38,138.40000000000003,75.82,1,1,1.0
175,3,207.8,257.7,95.59999999999997,40.900000000000034,1,1,1.0
176,6,387.06,241.16,139.55,76.9,1,1,1.0
176,3,207.8,257.3,94.69999999999999,41.14999999999998,1,1,1.0
177,6,375.32,240.94,140.7,77.98000000000002,1,1,1.0
177,3,207.8,256.9,93.80000000000001,41.400000000000034,1,1,1.0
178,6,363.58,240.72,141.85000000000002,79.05999999999997,1,1,1.0
178,3,207.8,256.9,94.59999999999997,41.700000000000045,1,1,1.0
179,6,351.84,240.5,143.0,80.13999999999999,1,1,1.0
179,3,207.8,256.9,94.5,41.200000000000045,1,1,1.0
180,6,340.1,240.89,144.14999999999998,80.61000000000001,1,1,1.0
180,3,207.8,256.9,94.39999999999998,40.700000000000045,1,1,1.0
181,6,328.36,241.28,145.3,81.08000000000001,1,1,1.0
181,3,207.8,256.9,94.5,40.700000000000045,1,1,1.0
182,6,316.62,241.67,146.45,81.55000000000004,1,1,1.0
182,3,207.8,256.9,94.59999999999997,40.700000000000045,1,1,1.0
183,6,304.88,242.07,147.60000000000002,82.00999999999999,1,1,1.0
183,3,207.8,256.9,94.69999999999999,40.700000000000045,1,1,1.0
184,6,293.14,242.46,148.76,82.47999999999999,1,1,1.0
184,3,207.8,256.9,94.80000000000001,40.700000000000045,1,1,1.0
185,6,281.4,242.85,149.91000000000003,82.95000000000002,1,1,1.0
185,3,207.8,256.9,94.89999999999998,40.700000000000045,1,1,1.0
186,6,270.5,242.85,151.10000000000002,82.95000000000002,1,1,1.0
186,3,207.8,256.9,94.09999999999997,40.700000000000045,1,1,1.0
187,6,258.78,243.59,151.10000000000002,83.53,1,1,1.0
187,3,207.8,256.9,88.0,37.60000000000002,1,1,1.0
188,6,247.05,244.32,151.09999999999997,84.13,1,1,1.0
188,3,207.8,256.9,78.09999999999997,37.60000000000002,1,1,1.0
189,6,235.33,245.06,151.1,84.70999999999998,1,1,1.0
189,3,207.8,256.9,64.30000000000001,37.60000000000002,1,1,1.0
190,6,223.6,245.8,151.1,85.30000000000001,1,1,1.0
190,3,207.8,256.9,53.30000000000001,37.60000000000002,1,1,1.0
